

清理个数：1 当前节点数量：10 当前时间：31782.8 当前脉冲总量：8.63954e-11
7375.4703330000011192 0.0000000000000002 0.6981317007977317 0.0314159265358965 6.2679935967310598 0.0151917104485262
0.0000000000000000 0.0000000000442246 -0.0000000000416136 0.0000000000614545 
31782.8033265857848164 21



清理个数：2 当前节点数量：38 当前时间：31710.3826333536053426 当前脉冲总量：0.0000005479853308
7375.4703330000011192 0.0000000000000002 0.6981317007977317 0.0314159265358965 6.2679935967310598 0.0151917104485262
0.0000000000000000 -0.0000000466167883 -0.0000003347241653 0.0000000000518834 
1857.4607473368719184 13
1857.4607473368719184 -0.0000000000753086 0.0000000302329255 -0.0000002078432606 
31710.3826333536053426 21



清理个数：3 当前节点数量：217 当前时间：31701.0514138873222691 当前脉冲总量：0.0000009013350034
7375.4703330000011192 0.0000000000000002 0.6981317007977317 0.0314159265358965 6.2679935967310598 0.0151917104485262
0.0000000000000000 -0.0000000000288522 0.0000000000535697 -0.0000000008668676 
14690.7261308738725347 12
14690.7261308738725347 -0.0000000000557638 -0.0000004000286118 0.0000003678966479 
26392.9149680363661901 2
26392.9149680363661901 -0.0000000000617084 -0.0000003569856935 -0.0000000000525303 
31701.0514138873222691 21



清理个数：4 当前节点数量：862 当前时间：31738.9979214403065271 当前脉冲总量：0.0000014299466558
7375.4703330000011192 0.0000000000000002 0.6981317007977317 0.0314159265358965 6.2679935967310598 0.0151917104485262
0.0000000000000000 -0.0000000466167883 -0.0000003347241653 0.0000000000518834 
1857.4607473368719184 13
1857.4607473368719184 -0.0000000000819174 -0.0000000461631811 0.0000006000424886 
14682.2211658342475857 12
14682.2211658342475857 -0.0000000000087979 0.0000000815130075 -0.0000002570471625 
26316.7593143276499177 2
26316.7593143276499177 -0.0000000000299118 -0.0000001628383282 -0.0000001486950785 
31738.9979214403065271 21



清理个数：5 当前节点数量：1000 当前时间：51650.5727538532519247 当前脉冲总量：0.0000037829947150
7375.4703330000011192 0.0000000000000002 0.6981317007977317 0.0314159265358965 6.2679935967310598 0.0151917104485262
0.0000000000000000 -0.0000000000288522 0.0000000000535697 -0.0000000008668676 
14690.7261308738725347 12
14690.7261308738725347 -0.0000000000557638 -0.0000004000286118 0.0000003678966479 
26392.9149680363661901 2
26392.9149680363661901 -0.0000000000617084 -0.0000003569856935 -0.0000000000525303 
31701.0514138873222691 21
31701.0514138873222691 0.0000000000784449 -0.0000004961246589 0.0000022436875720 
39680.1802505946179735 2
39680.1802505946179735 0.0000005837751156 -0.0000000000289924 -0.0000000000494599 
51650.5727538532519247 11



清理个数：6 当前节点数量：1000 当前时间：76706.8161153377295705 当前脉冲总量：0.0000036159200356
7375.4703330000011192 0.0000000000000002 0.6981317007977317 0.0314159265358965 6.2679935967310598 0.0151917104485262
0.0000000000000000 -0.0000000000288522 0.0000000000535697 -0.0000000008668676 
14690.7261308738725347 12
14690.7261308738725347 -0.0000000000557638 -0.0000004000286118 0.0000003678966479 
26392.9149680363661901 2
26392.9149680363661901 -0.0000000000617084 -0.0000003569856935 -0.0000000000525303 
31701.0514138873222691 21
31701.0514138873222691 0.0000000000784449 -0.0000004961246589 0.0000022436875720 
39680.1802505946179735 2
39680.1802505946179735 0.0000000000010156 0.0000000000616510 0.0000000736483999 
58311.4206946119447821 11
58311.4206946119447821 -0.0000000000301666 -0.0000001046903712 -0.0000003266873261 
76706.8161153377295705 13



清理个数：7 当前节点数量：1000 当前时间：82808.2667601135181030 当前脉冲总量：0.0001930068637745
7375.4703330000011192 0.0000000000000002 0.6981317007977317 0.0314159265358965 6.2679935967310598 0.0151917104485262
0.0000000000000000 -0.0000000000288522 0.0000000000535697 -0.0000000008668676 
14690.7261308738725347 12
14690.7261308738725347 -0.0000000000557638 -0.0000004000286118 0.0000003678966479 
26392.9149680363661901 2
26392.9149680363661901 -0.0000000000617084 -0.0000003569856935 -0.0000000000525303 
31701.0514138873222691 21
31701.0514138873222691 0.0000000000784449 -0.0000004961246589 0.0000022436875720 
39680.1802505946179735 2
39680.1802505946179735 -0.0000003601213521 -0.0000000647441655 -0.0000000000478038 
58394.1016403438188718 11
58394.1016403438188718 -0.0000000000659286 -0.0000000000392255 -0.0000000000479878 
76733.8396879135252675 13
76733.8396879135252675 -0.0000000000800791 -0.0001894416586266 0.0000000000046374 
82808.2667601135181030 12



清理个数：8 当前节点数量：1000 当前时间：85602.0811335238104220 当前脉冲总量：0.0000057206613175
7375.4703330000011192 0.0000000000000002 0.6981317007977317 0.0314159265358965 6.2679935967310598 0.0151917104485262
0.0000000000000000 -0.0000000000288522 0.0000000000535697 -0.0000000008668676 
14690.7261308738725347 12
14690.7261308738725347 -0.0000000000557638 -0.0000004000286118 0.0000003678966479 
26392.9149680363661901 2
26392.9149680363661901 -0.0000000000617084 -0.0000003569856935 -0.0000000000525303 
31701.0514138873222691 21
31701.0514138873222691 0.0000000000784449 -0.0000004961246589 0.0000022436875720 
39680.1802505946179735 2
39680.1802505946179735 0.0000000000010156 0.0000000000616510 0.0000000736483999 
58311.4206946119447821 11
58311.4206946119447821 -0.0000009194588562 0.0000000000064260 0.0000000000572867 
76764.4333547205023933 13
76764.4333547205023933 0.0000004636156434 -0.0000000000029672 0.0000000000129904 
82855.4141041182301706 12
82855.4141041182301706 0.0000000000466658 -0.0000007348800328 0.0000007704397734 
85602.0811335238104220 9



清理个数：9 当前节点数量：1000 当前时间：96181.9636950918211369 当前脉冲总量：0.0000062857115559
7375.4703330000011192 0.0000000000000002 0.6981317007977317 0.0314159265358965 6.2679935967310598 0.0151917104485262
0.0000000000000000 -0.0000000000288522 0.0000000000535697 -0.0000000008668676 
14690.7261308738725347 12
14690.7261308738725347 -0.0000000000557638 -0.0000004000286118 0.0000003678966479 
26392.9149680363661901 2
26392.9149680363661901 -0.0000000000617084 -0.0000003569856935 -0.0000000000525303 
31701.0514138873222691 21
31701.0514138873222691 0.0000000000784449 -0.0000004961246589 0.0000022436875720 
39680.1802505946179735 2
39680.1802505946179735 0.0000005837751156 -0.0000000000289924 -0.0000000000494599 
51650.5727538532519247 11
51650.5727538532519247 0.0000000000158162 -0.0000001577774912 0.0000000161719732 
76802.9265066180087160 13
76802.9265066180087160 -0.0000001713734659 -0.0000000000501689 -0.0000013731609518 
82858.6618313666403992 12
82858.6618313666403992 0.0000005788829793 0.0000004811712002 0.0000000000443338 
90071.3777831537154270 13
90071.3777831537154270 0.0000000000363086 -0.0000002046123576 -0.0000000347967685 
96181.9636950918211369 12



清理个数：10 当前节点数量：1000 当前时间：112129.4455324896698585 当前脉冲总量：0.0259922215367466
7375.4703330000011192 0.0000000000000002 0.6981317007977317 0.0314159265358965 6.2679935967310598 0.0151917104485262
0.0000000000000000 -0.0000000000288522 0.0000000000535697 -0.0000000008668676 
14690.7261308738725347 12
14690.7261308738725347 0.0000004033978294 0.0000000000285074 0.0000002105846271 
26342.2488756825805467 2
26342.2488756825805467 0.0000002434149646 0.0000000000009308 -0.0000000000652590 
31725.5302603106210881 21
31725.5302603106210881 -0.0000001597440960 0.0000003179418817 -0.0000000000556992 
51731.7326723671139916 11
51731.7326723671139916 -0.0000002240989492 0.0000000000229136 0.0000002055291968 
76791.4794159578159451 13
76791.4794159578159451 0.0234611806396896 -0.0110226042179894 0.0018752567663669 
82814.1482921504502883 12
82814.1482921504502883 0.0000000000301156 -0.0000001637315457 0.0000003193223254 
90019.0621523849549703 13
90019.0621523849549703 -0.0000000000513367 -0.0000005525338116 0.0000000791040218 
96041.2015771549922647 12
96041.2015771549922647 -0.0000000000393283 0.0000004069101765 0.0000003256231544 
107403.1426233425008832 1
107403.1426233425008832 0.0000000000688001 0.0000001688712028 0.0000000000208484 
112129.4455324896698585 9



清理个数：11 当前节点数量：1000 当前时间：119412.5819226024323143 当前脉冲总量：0.0272145421153869
7375.4703330000011192 0.0000000000000002 0.6981317007977317 0.0314159265358965 6.2679935967310598 0.0151917104485262
0.0000000000000000 -0.0000000000288522 0.0000000000535697 -0.0000000008668676 
14690.7261308738725347 12
14690.7261308738725347 0.0000004033978294 0.0000000000285074 0.0000002105846271 
26342.2488756825805467 2
26342.2488756825805467 0.0000002434149646 0.0000000000009308 -0.0000000000652590 
31725.5302603106210881 21
31725.5302603106210881 -0.0000001597440960 0.0000003179418817 -0.0000000000556992 
51731.7326723671139916 11
51731.7326723671139916 -0.0000002240989492 0.0000000000229136 0.0000002055291968 
76791.4794159578159451 13
76791.4794159578159451 0.0234611806396896 -0.0110226042179894 0.0018752567663669 
82814.1482921504502883 12
82814.1482921504502883 0.0000000000301156 -0.0000001637315457 0.0000003193223254 
90019.0621523849549703 13
90019.0621523849549703 0.0000003205087826 0.0000000000205148 -0.0000000000191200 
96038.8404438289871905 12
96038.8404438289871905 -0.0000000000361190 -0.0000000911534364 0.0000001434972575 
107402.8442978016246343 1
107402.8442978016246343 0.0000000798113937 0.0000005990886182 0.0000000000363476 
114177.7381943711225176 2
114177.7381943711225176 -0.0000122480604090 -0.0012224125258952 0.0000000001823854 
119412.5819226024323143 7



清理个数：12 当前节点数量：1000 当前时间：133165.1738604885176755 当前脉冲总量：0.0058545360297562
7375.4703330000011192 0.0000000000000002 0.6981317007977317 0.0314159265358965 6.2679935967310598 0.0151917104485262
0.0000000000000000 -0.0000000000288522 0.0000000000535697 -0.0000000008668676 
14690.7261308738725347 12
14690.7261308738725347 -0.0000000000557638 -0.0000004000286118 0.0000003678966479 
26392.9149680363661901 2
26392.9149680363661901 -0.0000000000617084 -0.0000003569856935 -0.0000000000525303 
31701.0514138873222691 21
31701.0514138873222691 0.0000000000784449 -0.0000004961246589 0.0000022436875720 
39680.1802505946179735 2
39680.1802505946179735 -0.0000003601213521 -0.0000000647441655 -0.0000000000478038 
58394.1016403438188718 11
58394.1016403438188718 -0.0000002519782580 -0.0000000997896569 -0.0000000000508103 
76729.3093126562889665 13
76729.3093126562889665 -0.0000006468288177 -0.0000000000296965 -0.0000000000275933 
82865.5402432571427198 12
82865.5402432571427198 0.0000004214951864 -0.0000000000194277 -0.0000005882903139 
90107.3877832443249645 13
90107.3877832443249645 0.0000017597771382 -0.0000007211636788 0.0000000000161777 
96220.5300812580098864 12
96220.5300812580098864 0.0000001898984385 -0.0000000000273644 0.0000013940818389 
114052.8220333791105077 18
114052.8220333791105077 -0.0000000000133209 -0.0054992239540057 -0.0019827899349574 
119898.9256478797178715 7
119898.9256478797178715 -0.0000002316453586 0.0000000000584312 0.0000001174917728 
133165.1738604885176755 11



清理个数：13 当前节点数量：1000 当前时间：139893.6622750302485656 当前脉冲总量：0.0259926319539484
7375.4703330000011192 0.0000000000000002 0.6981317007977317 0.0314159265358965 6.2679935967310598 0.0151917104485262
0.0000000000000000 -0.0000000000288522 0.0000000000535697 -0.0000000008668676 
14690.7261308738725347 12
14690.7261308738725347 0.0000004033978294 0.0000000000285074 0.0000002105846271 
26342.2488756825805467 2
26342.2488756825805467 0.0000002434149646 0.0000000000009308 -0.0000000000652590 
31725.5302603106210881 21
31725.5302603106210881 -0.0000001597440960 0.0000003179418817 -0.0000000000556992 
51731.7326723671139916 11
51731.7326723671139916 -0.0000002240989492 0.0000000000229136 0.0000002055291968 
76791.4794159578159451 13
76791.4794159578159451 0.0234611806396896 -0.0110226042179894 0.0018752567663669 
82814.1482921504502883 12
82814.1482921504502883 0.0000000000301156 -0.0000001637315457 0.0000003193223254 
90019.0621523849549703 13
90019.0621523849549703 -0.0000000000513367 -0.0000005525338116 0.0000000791040218 
96041.2015771549922647 12
96041.2015771549922647 0.0000000192301173 -0.0000001807032128 -0.0000000000495535 
107326.9510051336110337 1
107326.9510051336110337 -0.0000001536632668 -0.0000000000488201 -0.0000000000530445 
114156.9731728228071006 2
114156.9731728228071006 -0.0000005623922581 0.0000000000647082 0.0000000000488278 
119494.3486249588022474 7
119494.3486249588022474 0.0000000737390532 0.0000000000012248 -0.0000001887319228 
133972.1938884163100738 1
133972.1938884163100738 -0.0000000000006181 0.0000000000314184 0.0000000000282101 
139893.6622750302485656 19



清理个数：14 当前节点数量：1000 当前时间：144608.7895582139608450 当前脉冲总量：0.0114515917476822
7375.4703330000011192 0.0000000000000002 0.6981317007977317 0.0314159265358965 6.2679935967310598 0.0151917104485262
0.0000000000000000 -0.0000000000288522 0.0000000000535697 -0.0000000008668676 
14690.7261308738725347 12
14690.7261308738725347 -0.0000000000557638 -0.0000004000286118 0.0000003678966479 
26392.9149680363661901 2
26392.9149680363661901 -0.0000000000617084 -0.0000003569856935 -0.0000000000525303 
31701.0514138873222691 21
31701.0514138873222691 0.0000000000784449 -0.0000004961246589 0.0000022436875720 
39680.1802505946179735 2
39680.1802505946179735 0.0000000000182920 -0.0000000000071160 0.0000002729803600 
58344.4034947242980707 11
58344.4034947242980707 -0.0000000000023795 0.0000000000489572 0.0000000000494614 
76791.4275933590979548 13
76791.4275933590979548 -0.0000000000235059 0.0000020159294652 -0.0000006113900243 
82861.4424647838168312 12
82861.4424647838168312 0.0000001475279122 0.0000001326662274 0.0000000000467916 
90096.8686855017876951 13
90096.8686855017876951 -0.0000000000395115 -0.0000006862393047 -0.0000006588574482 
96201.5983349292218918 12
96201.5983349292218918 0.0000012218670533 0.0000000000486864 -0.0000008581928808 
114035.9837016316159861 18
114035.9837016316159861 0.0114401897572636 -0.0000000001650418 0.0000000000068674 
119944.9200484829925699 7
119944.9200484829925699 0.0000004311486707 0.0000000000147876 0.0000003028880207 
133201.8500939405639656 11
133201.8500939405639656 -0.0000000717265825 -0.0000007216685064 -0.0000000000529647 
140529.7001431235403288 19
140529.7001431235403288 0.0000000000441189 0.0000007018744643 -0.0000017958374685 
144608.7895582139608450 15



清理个数：15 当前节点数量：1000 当前时间：146461.9514835127629340 当前脉冲总量：0.0412398300215756
7375.4703330000011192 0.0000000000000002 0.6981317007977317 0.0314159265358965 6.2679935967310598 0.0151917104485262
0.0000000000000000 -0.0000000000288522 0.0000000000535697 -0.0000000008668676 
14690.7261308738725347 12
14690.7261308738725347 -0.0000000000557638 -0.0000004000286118 0.0000003678966479 
26392.9149680363661901 2
26392.9149680363661901 -0.0000000000617084 -0.0000003569856935 -0.0000000000525303 
31701.0514138873222691 21
31701.0514138873222691 0.0000000000784449 -0.0000004961246589 0.0000022436875720 
39680.1802505946179735 2
39680.1802505946179735 0.0000000000182920 -0.0000000000071160 0.0000002729803600 
58344.4034947242980707 11
58344.4034947242980707 -0.0000000000394393 -0.0000003214373012 -0.0000000000505979 
76767.5842122420144733 13
76767.5842122420144733 -0.0000006977527438 -0.0000004944093767 0.0000000000512446 
82896.4334502665151376 12
82896.4334502665151376 -0.0000000000215600 0.0000004148499693 0.0000000000262390 
90086.6296220571384765 13
90086.6296220571384765 -0.0000000000300697 0.0000007837852730 0.0000000059657438 
96272.2209752091584960 12
96272.2209752091584960 -0.0000005109206522 -0.0000002036725185 -0.0000000000003081 
114022.9780926368839573 18
114022.9780926368839573 0.0073658244969068 0.0252305670286781 -0.0317659046489875 
119966.9791314777103253 7
119966.9791314777103253 0.0000008665179613 0.0000000000647647 -0.0000007875324814 
133210.5982865121914074 11
133210.5982865121914074 -0.0000000000050998 0.0000007444857057 -0.0000001071969604 
140599.0251660387730226 19
140599.0251660387730226 -0.0000009425160208 0.0000000000297225 0.0000001811644252 
144711.7047943520301487 15
144711.7047943520301487 -0.0000003978198793 -0.0000000000092628 -0.0000004356189149 
146461.9514835127629340 11



清理个数：16 当前节点数量：1000 当前时间：152757.6962928100547288 当前脉冲总量：0.0335314472104228
7375.4703330000011192 0.0000000000000002 0.6981317007977317 0.0314159265358965 6.2679935967310598 0.0151917104485262
0.0000000000000000 -0.0000000000288522 0.0000000000535697 -0.0000000008668676 
14690.7261308738725347 12
14690.7261308738725347 0.0000004033978294 0.0000000000285074 0.0000002105846271 
26342.2488756825805467 2
26342.2488756825805467 0.0000002434149646 0.0000000000009308 -0.0000000000652590 
31725.5302603106210881 21
31725.5302603106210881 -0.0000001597440960 0.0000003179418817 -0.0000000000556992 
51731.7326723671139916 11
51731.7326723671139916 -0.0000002240989492 0.0000000000229136 0.0000002055291968 
76791.4794159578159451 13
76791.4794159578159451 0.0234611806396896 -0.0110226042179894 0.0018752567663669 
82814.1482921504502883 12
82814.1482921504502883 0.0000000000301156 -0.0000001637315457 0.0000003193223254 
90019.0621523849549703 13
90019.0621523849549703 -0.0000000000513367 -0.0000005525338116 0.0000000791040218 
96041.2015771549922647 12
96041.2015771549922647 0.0000000000399509 -0.0000000000485001 0.0000001454036929 
107342.7221627286344301 1
107342.7221627286344301 0.0000002471650832 -0.0000000000350636 -0.0000000294387642 
113640.4727709090366261 18
113640.4727709090366261 0.0000003156183204 -0.0000000000361209 -0.0000000054913769 
119503.3930395414499799 7
119503.3930395414499799 -0.0000000000672820 -0.0075374792915435 -0.0000000150263956 
133994.0847105464199558 1
133994.0847105464199558 -0.0000001591893732 0.0000002402210518 0.0000000000079655 
139947.7984150402480736 19
139947.7984150402480736 0.0000001989777214 -0.0000005544996469 -0.0000000000339994 
145820.7118743211613037 11
145820.7118743211613037 -0.0000002773641030 -0.0000008012477065 -0.0000000000408926 
152642.7371277899073903 6
152642.7371277899073903 -0.0000000000432026 -0.0000000000182719 0.0000000012334120 
152757.6962928100547288 7



清理个数：17 当前节点数量：1000 当前时间：157214.7406385521171615 当前脉冲总量：0.0335322608917722
7375.4703330000011192 0.0000000000000002 0.6981317007977317 0.0314159265358965 6.2679935967310598 0.0151917104485262
0.0000000000000000 -0.0000000000288522 0.0000000000535697 -0.0000000008668676 
14690.7261308738725347 12
14690.7261308738725347 0.0000004033978294 0.0000000000285074 0.0000002105846271 
26342.2488756825805467 2
26342.2488756825805467 0.0000002434149646 0.0000000000009308 -0.0000000000652590 
31725.5302603106210881 21
31725.5302603106210881 -0.0000001597440960 0.0000003179418817 -0.0000000000556992 
51731.7326723671139916 11
51731.7326723671139916 -0.0000002240989492 0.0000000000229136 0.0000002055291968 
76791.4794159578159451 13
76791.4794159578159451 0.0234611806396896 -0.0110226042179894 0.0018752567663669 
82814.1482921504502883 12
82814.1482921504502883 0.0000000000301156 -0.0000001637315457 0.0000003193223254 
90019.0621523849549703 13
90019.0621523849549703 -0.0000000000513367 -0.0000005525338116 0.0000000791040218 
96041.2015771549922647 12
96041.2015771549922647 0.0000000000399509 -0.0000000000485001 0.0000001454036929 
107342.7221627286344301 1
107342.7221627286344301 0.0000002471650832 -0.0000000000350636 -0.0000000294387642 
113640.4727709090366261 18
113640.4727709090366261 0.0000003156183204 -0.0000000000361209 -0.0000000054913769 
119503.3930395414499799 7
119503.3930395414499799 -0.0000000000672820 -0.0075374792915435 -0.0000000150263956 
133994.0847105464199558 1
133994.0847105464199558 0.0000001656717615 0.0000000000322045 -0.0000000927674830 
139942.9642402355384547 19
139942.9642402355384547 -0.0000000000367881 0.0000007162096383 0.0000007880096168 
145810.0012656135950238 11
145810.0012656135950238 -0.0000002528499405 -0.0000003101665289 0.0000000000674218 
152662.4067890107689891 6
152662.4067890107689891 0.0000000000063673 0.0000000961689327 -0.0000004679766994 
152800.1759382494492456 7
152800.1759382494492456 -0.0000000000548612 0.0000003746998947 0.0000001600596472 
157214.7406385521171615 14



清理个数：18 当前节点数量：1000 当前时间：169915.4541663851705380 当前脉冲总量：0.0335330089448290
7375.4703330000011192 0.0000000000000002 0.6981317007977317 0.0314159265358965 6.2679935967310598 0.0151917104485262
0.0000000000000000 -0.0000000000288522 0.0000000000535697 -0.0000000008668676 
14690.7261308738725347 12
14690.7261308738725347 0.0000004033978294 0.0000000000285074 0.0000002105846271 
26342.2488756825805467 2
26342.2488756825805467 0.0000002434149646 0.0000000000009308 -0.0000000000652590 
31725.5302603106210881 21
31725.5302603106210881 -0.0000001597440960 0.0000003179418817 -0.0000000000556992 
51731.7326723671139916 11
51731.7326723671139916 -0.0000002240989492 0.0000000000229136 0.0000002055291968 
76791.4794159578159451 13
76791.4794159578159451 0.0234611806396896 -0.0110226042179894 0.0018752567663669 
82814.1482921504502883 12
82814.1482921504502883 0.0000000000301156 -0.0000001637315457 0.0000003193223254 
90019.0621523849549703 13
90019.0621523849549703 -0.0000000000513367 -0.0000005525338116 0.0000000791040218 
96041.2015771549922647 12
96041.2015771549922647 0.0000000000399509 -0.0000000000485001 0.0000001454036929 
107342.7221627286344301 1
107342.7221627286344301 0.0000002471650832 -0.0000000000350636 -0.0000000294387642 
113640.4727709090366261 18
113640.4727709090366261 0.0000003156183204 -0.0000000000361209 -0.0000000054913769 
119503.3930395414499799 7
119503.3930395414499799 -0.0000000000672820 -0.0075374792915435 -0.0000000150263956 
133994.0847105464199558 1
133994.0847105464199558 -0.0000001591893732 0.0000002402210518 0.0000000000079655 
139947.7984150402480736 19
139947.7984150402480736 0.0000001989777214 -0.0000005544996469 -0.0000000000339994 
145820.7118743211613037 11
145820.7118743211613037 -0.0000002773641030 -0.0000008012477065 -0.0000000000408926 
152642.7371277899073903 6
152642.7371277899073903 -0.0000000000432026 -0.0000000000182719 0.0000000012334120 
152757.6962928100547288 7
152757.6962928100547288 -0.0000004045200521 0.0000000000475788 -0.0000008476272702 
157318.8426337773271371 13
157318.8426337773271371 0.0000002903556155 -0.0000005506676537 -0.0000000000364392 
169915.4541663851705380 12



清理个数：18 当前节点数量：1000 当前时间：172800.0000000000000000 当前脉冲总量：0.0259941352727212
7375.4703330000011192 0.0000000000000002 0.6981317007977317 0.0314159265358965 6.2679935967310598 0.0151917104485262
0.0000000000000000 -0.0000000000288522 0.0000000000535697 -0.0000000008668676 
14690.7261308738725347 12
14690.7261308738725347 0.0000004033978294 0.0000000000285074 0.0000002105846271 
26342.2488756825805467 2
26342.2488756825805467 0.0000002434149646 0.0000000000009308 -0.0000000000652590 
31725.5302603106210881 21
31725.5302603106210881 -0.0000001597440960 0.0000003179418817 -0.0000000000556992 
51731.7326723671139916 11
51731.7326723671139916 -0.0000002240989492 0.0000000000229136 0.0000002055291968 
76791.4794159578159451 13
76791.4794159578159451 0.0234611806396896 -0.0110226042179894 0.0018752567663669 
82814.1482921504502883 12
82814.1482921504502883 0.0000000000301156 -0.0000001637315457 0.0000003193223254 
90019.0621523849549703 13
90019.0621523849549703 0.0000003205087826 0.0000000000205148 -0.0000000000191200 
96038.8404438289871905 12
96038.8404438289871905 0.0000000000251437 0.0000000000420569 -0.0000000000179252 
107323.8641442535881652 1
107323.8641442535881652 -0.0000000000368507 0.0000002300191134 -0.0000000366494953 
113609.6554064949159510 18
113609.6554064949159510 -0.0000000428568719 0.0000000000115008 0.0000003430530976 
119493.2747981375578092 7
119493.2747981375578092 -0.0000003176723288 0.0000000000321705 0.0000000326378917 
133970.8752100853889715 1
133970.8752100853889715 -0.0000000000104452 0.0000004148276066 -0.0000001621391738 
139992.2531745011510793 19
139992.2531745011510793 -0.0000001388845972 0.0000000000237559 0.0000004337974431 
145833.6830982690444216 11
145833.6830982690444216 0.0000000000060509 -0.0000000000741023 -0.0000000000055317 
152791.1025403678941075 6
152791.1025403678941075 0.0000000840658559 0.0000000000076812 -0.0000002732331447 
152905.1636985231598374 7
152905.1636985231598374 0.0000001681812212 -0.0000000000023845 -0.0000001443483775 
157357.0210299549507909 14
157357.0210299549507909 -0.0000000541848875 -0.0000004724075657 0.0000000000107431 
170074.1164234341704287 12
170074.1164234341704287 0.0000000594251494 -0.0000000000237021 -0.0000000000680001 
172800.0000000000000000 0



清理个数：18 当前节点数量：0 当前时间：172800.0000000000000000 当前脉冲总量：0.0259941352727212
7375.4703330000011192 0.0000000000000002 0.6981317007977317 0.0314159265358965 6.2679935967310598 0.0151917104485262
0.0000000000000000 -0.0000000000288522 0.0000000000535697 -0.0000000008668676 
14690.7261308738725347 12
14690.7261308738725347 0.0000004033978294 0.0000000000285074 0.0000002105846271 
26342.2488756825805467 2
26342.2488756825805467 0.0000002434149646 0.0000000000009308 -0.0000000000652590 
31725.5302603106210881 21
31725.5302603106210881 -0.0000001597440960 0.0000003179418817 -0.0000000000556992 
51731.7326723671139916 11
51731.7326723671139916 -0.0000002240989492 0.0000000000229136 0.0000002055291968 
76791.4794159578159451 13
76791.4794159578159451 0.0234611806396896 -0.0110226042179894 0.0018752567663669 
82814.1482921504502883 12
82814.1482921504502883 0.0000000000301156 -0.0000001637315457 0.0000003193223254 
90019.0621523849549703 13
90019.0621523849549703 0.0000003205087826 0.0000000000205148 -0.0000000000191200 
96038.8404438289871905 12
96038.8404438289871905 0.0000000000251437 0.0000000000420569 -0.0000000000179252 
107323.8641442535881652 1
107323.8641442535881652 -0.0000000000368507 0.0000002300191134 -0.0000000366494953 
113609.6554064949159510 18
113609.6554064949159510 -0.0000000428568719 0.0000000000115008 0.0000003430530976 
119493.2747981375578092 7
119493.2747981375578092 -0.0000003176723288 0.0000000000321705 0.0000000326378917 
133970.8752100853889715 1
133970.8752100853889715 -0.0000000000104452 0.0000004148276066 -0.0000001621391738 
139992.2531745011510793 19
139992.2531745011510793 -0.0000001388845972 0.0000000000237559 0.0000004337974431 
145833.6830982690444216 11
145833.6830982690444216 0.0000000000060509 -0.0000000000741023 -0.0000000000055317 
152791.1025403678941075 6
152791.1025403678941075 0.0000000840658559 0.0000000000076812 -0.0000002732331447 
152905.1636985231598374 7
152905.1636985231598374 0.0000001681812212 -0.0000000000023845 -0.0000001443483775 
157357.0210299549507909 14
157357.0210299549507909 -0.0000000541848875 -0.0000004724075657 0.0000000000107431 
170074.1164234341704287 12
170074.1164234341704287 0.0000000594251494 -0.0000000000237021 -0.0000000000680001 
172800.0000000000000000 0

