7220.860449638 0.001175 0.96779041093837 2.6731317786684 1.19204226874 5.4442725563892
7222.239050483 0.000916 0.96483157171075 4.2651875422028 2.3858100921515 0.84625761988157
7218.206243053 0.0004 0.97220700151712 1.0853417045456 1.6208510432919 2.1345184242074
7215.001692415 0.000867 0.96720973989623 5.7784715874998 1.9505748582142 5.2059407784459
7195.3316948118 0.0013789503470239 0.46664482876698 3.5766157395385 4.5694546044128 6.1128177434205
67047.537584452 0.092707711999944 -0.28169951909301 -0.49766119983241
7196.9423159455 0.00053973005219847 0.46534794371164 5.1998089328119 0.017106753219902 0.73204983854078
49709.365424622 -0.24940945831816 -0.16633802020357 0.41945360600187
7198.4768400258 0.0014840234629908 0.4703802816289 0.53253470900572 3.8490122930094 5.8192870819098
98579.601421627 -0.10128969401912 0.19771829236427 -0.57485664161419
7198.6102902429 0.0013393697385596 0.46633573556104 2.0619369100004 5.6796340311844 0.54360307846658
24978.850417356 0.25845122378572 -0.024038445467019 0.066046089643734
Target1: 4.1250655547235
Target2: 5.9833333333333
Target3: 4.85
Target4: 4.2333333333333
Target5: 6
Target6: 6.0085096042717
Target7: 3.8
Target8: 6
Target9: 4.233841066714
Target10: 6
Target11: 6
Target12: 6
Target13: 5.9833333333333
Target14: 5.9833333333333
Target15: 5.9833333333333
Target16: 5.9833333333333
Target17: 5.7885695603767
Target18: 3.2666666666667
Target19: 5.9505077333806
Target20: 5.3166666666667
Target21: 3.1947637729566

X = { 0.388006583243354,
 0.580287233718683,
 0.256041060231598,
 0.0690127584672896,
 0.287669938799895,
 0.284005073152357,
 0.355947048888501,
 0.863257478506611,
 0.570483804523302,
 0.412280551837887,
 0.671229063980333,
 0.00215954482790373,
 0.144553532507848,
 0.723825325437608,
 0.479182095558075,
 0.557197591452098 }
