7220.19 0.000145558 0.969595 2.6719 1.73724 4.84706 
0 0 0 0
7220.2529713729 0.0040254132529364 0.96481624891751 4.2647308766549 3.4295823654489 6.000933555041 
0 0 0 0
7218.8976541773 0.0029084000693427 0.97039802345484 1.0843307086747 3.1443601858976 0.61471517678504 
0 0 0 0
7216.3668294728 0.001682757645501 0.96758242339894 5.7742711899074 1.9914102044307 5.1852416518209 
0 0 0 0
7177.3170197352 0.015560361518168 0.49224353439439 3.4553343550809 5.6424963262825 6.2446391554937 
4826.113507904 -0.033029740860425 0.0049594848000492 0.00021519601702868
31303.009058546 -0.045639849637843 0.093939019490997 -0.055230377488691
50489.59361717 0.056620126351768 0.13970196689794 0.21136214832267
80889.837856059 -0.073910492037498 -0.24152858642474 -0.074062621916868
7108.8486429526 0.028457351182438 0.52189636807905 5.1133971278817 4.1555030830955 2.663944787587 
34764.509623633 -0.083978630450055 0.016139618991964 -0.079984245216282
65261.73543339 -0.10968431925912 -0.018143554794646 0.036234102050819
68108.286944144 0.12072791815119 0.036336177652402 -0.084029416728796
7274.2046679875 0.011275823630897 0.53196972751517 0.55371780137885 3.7246944101565 6.1318317850596 
15905.881953394 0.12259974038334 -0.0028471858548242 -0.036199671791857
41701.961179503 0.15384885473759 -0.12322037666703 0.43941090101795
98907.809159591 -2.0690671398427e-10 1.9229062786508e-13 1.8294832315746e-10
7122.3513650047 0.019440910345076 0.45617922380697 2.0101558037918 3.97308136286 4.0058692000737 
7425.0337262333 -0.063103766383385 -0.095970324099923 -0.27926966504071
68873.667292331 -0.0020744254015848 -0.015151952247319 0.004044544797783
73873.126871361 -0.1146588014693 0.0087842012937867 0.20344431214934
