6878.14 0 0 0 0 0 0
7128.14 0 0 0 0 0 0
6878.14 0 1.5708 0 0 0 19
7128.14 0 1.5708 0 0 0 48
6878.14 0 0 1.25664 0 0 0
7128.14 0 0 1.25664 0 0 0
6878.14 0 1.5708 1.25664 0 0 17
7128.14 0 1.5708 1.25664 0 0 60
6878.14 0 0 2.51327 0 0 0
7128.14 0 0 2.51327 0 0 0
6878.14 0 1.5708 2.51327 0 0 18
7128.14 0 1.5708 2.51327 0 0 48
6878.14 0 0 3.76991 0 0 0
7128.14 0 0 3.76991 0 0 0
6878.14 0 1.5708 3.76991 0 0 16
7128.14 0 1.5708 3.76991 0 0 38
6878.14 0 0 5.02655 0 0 0
7128.14 0 0 5.02655 0 0 0
6878.14 0 1.5708 5.02655 0 0 15
7128.14 0 1.5708 5.02655 0 0 54
