Removal total num, Total mass, Time, Height:  1 4971.84 13437.3 881.718


清理个数：1           当且节点数量19     当前指标13437.3      质量4971.84
1 0 0 0.0000000000000000 3943.3475300000000061 -5804.2135969999999361 -1655.4390949999999521 -0.0043950000000000 -2.0351520000000001 7.1515129999999996 0.0000000000000000 0.0000000000000000 0.0000000000000000 1000.0000000000000000 0
2 0 1 0.0000000000000000 3943.3475300000000061 -5804.2135969999999361 -1655.4390949999999521 -0.0044446681430355 -2.0581513676075032 7.2323326520146098 -0.0000496681430355 -0.0229993676075032 0.0808196520146101 971.8422881101879511 0
3 0 2 13437.3264765377716685 2588.4711283796059433 -5302.6947771792156345 4229.2709908362694478 -3.0725702722434636 3.1490011091662429 6.0316788579786138 0.0000000000000000 0.0000000000000000 0.0000000000000000 971.8422881101879511 18
1 1 0 0.0000000000000000 2028.0274730000001000 1172.4186600000000453 -6790.5333769999997457 7.1202909999999999 0.1424300000000000 2.1650520000000002 0.0000000000000000 0.0000000000000000 0.0000000000000000 1000.0000000000000000 0
1 2 0 0.0000000000000000 6439.7818969999998444 -982.4512099999999464 3080.2023469999999179 -3.2983859999999998 -0.7100180000000000 6.6311710000000001 0.0000000000000000 0.0000000000000000 0.0000000000000000 1000.0000000000000000 0
1 3 0 0.0000000000000000 -4963.5074670000003607 2575.3762550000001283 -4592.5437990000000354 4.7793640000000002 -0.7917240000000000 -5.6091819999999997 0.0000000000000000 0.0000000000000000 0.0000000000000000 1000.0000000000000000 0
1 4 0 0.0000000000000000 2094.0443150000000969 4737.4794149999997899 -5026.4535400000004302 3.4709129999999999 3.9919169999999999 5.2175110000000000 0.0000000000000000 0.0000000000000000 0.0000000000000000 1000.0000000000000000 0

